Multiple Variables Model:
MSE: 7.347395823741157
R^2: 0.9217676549309164
Validation Results (Multi-Var):
    True Avg  Predicted Avg  True Rank  Predicted Rank
0      56.89      58.299603        1.0             1.0
4      54.29      53.907265        2.0             2.0
10     51.80      53.581691        3.0             3.0
12     51.68      50.418246        4.0             4.0
18     50.29      49.020399        5.0             7.0
22     49.99      49.397110        6.0             5.0
33     47.87      47.231597        7.0             8.0
35     47.57      49.136459        8.0             6.0
40     46.54      46.785438        9.0             9.0
47     44.81      43.406427       10.0            12.0
54     42.56      43.134830       11.0            13.0
55     42.24      44.245742       12.0            11.0
58     41.41      44.606672       13.0            10.0
65     37.04      36.377007       14.0            15.0
70     33.63      36.787311       15.0            14.0
73     32.34      30.850442       16.0            16.0
81     15.88      25.042516       17.0            17.0

NFCorpus Model:
MSE: 19.286218592190913
R^2: 0.7946474990354068
Validation Results (NFCorpus):
    True Avg  Predicted Avg  True Rank  Predicted Rank
0      56.89      53.458032        1.0             1.0
4      54.29      52.833434        2.0             3.0
10     51.80      53.215841        3.0             2.0
12     51.68      47.951372        4.0             7.0
18     50.29      49.340784        5.0             5.0
22     49.99      50.207573        6.0             4.0
33     47.87      45.593195        7.0            10.0
35     47.57      47.683687        8.0             8.0
40     46.54      47.428749        9.0             9.0
47     44.81      45.325511       10.0            11.0
54     42.56      44.841128       11.0            12.0
55     42.24      48.945630       12.0             6.0
58     41.41      42.674156       13.0            13.0
65     37.04      33.279691       14.0            16.0
70     33.63      40.749374       15.0            14.0
73     32.34      40.252245       16.0            15.0
81     15.88       5.312996       17.0            17.0

Regression Equation (Multi-Var):
y = 0.9594 + (0.1080)*ArguAna + (0.3210)*FiQA2018 + (-0.0185)*SCIDOCS + (0.3901)*SciFact + (0.0773)*NFCorpus

Regression Equation (NFCorpus):
y = 4.2295 + (1.2747)*NFCorpus